{
 "cells": [
  {
   "cell_type": "code",
   "execution_count": 1,
   "metadata": {
    "collapsed": true
   },
   "outputs": [],
   "source": [
    "import numpy as np\n",
    "import pandas as pd"
   ]
  },
  {
   "cell_type": "code",
   "execution_count": 2,
   "metadata": {
    "collapsed": true
   },
   "outputs": [],
   "source": [
    "df_x = pd.read_csv('/home/bee/Desktop/minor project/aapl .csv',usecols=['Date','Close','Volume'])"
   ]
  },
  {
   "cell_type": "code",
   "execution_count": 3,
   "metadata": {},
   "outputs": [
    {
     "data": {
      "text/html": [
       "<div>\n",
       "<style scoped>\n",
       "    .dataframe tbody tr th:only-of-type {\n",
       "        vertical-align: middle;\n",
       "    }\n",
       "\n",
       "    .dataframe tbody tr th {\n",
       "        vertical-align: top;\n",
       "    }\n",
       "\n",
       "    .dataframe thead th {\n",
       "        text-align: right;\n",
       "    }\n",
       "</style>\n",
       "<table border=\"1\" class=\"dataframe\">\n",
       "  <thead>\n",
       "    <tr style=\"text-align: right;\">\n",
       "      <th></th>\n",
       "      <th>Date</th>\n",
       "      <th>Close</th>\n",
       "      <th>Volume</th>\n",
       "    </tr>\n",
       "  </thead>\n",
       "  <tbody>\n",
       "    <tr>\n",
       "      <th>0</th>\n",
       "      <td>15-Sep-17</td>\n",
       "      <td>159.88</td>\n",
       "      <td>49114602</td>\n",
       "    </tr>\n",
       "    <tr>\n",
       "      <th>1</th>\n",
       "      <td>14-Sep-17</td>\n",
       "      <td>158.28</td>\n",
       "      <td>23760749</td>\n",
       "    </tr>\n",
       "    <tr>\n",
       "      <th>2</th>\n",
       "      <td>13-Sep-17</td>\n",
       "      <td>159.65</td>\n",
       "      <td>44907361</td>\n",
       "    </tr>\n",
       "    <tr>\n",
       "      <th>3</th>\n",
       "      <td>12-Sep-17</td>\n",
       "      <td>160.86</td>\n",
       "      <td>71714046</td>\n",
       "    </tr>\n",
       "    <tr>\n",
       "      <th>4</th>\n",
       "      <td>11-Sep-17</td>\n",
       "      <td>161.50</td>\n",
       "      <td>31580798</td>\n",
       "    </tr>\n",
       "    <tr>\n",
       "      <th>5</th>\n",
       "      <td>8-Sep-17</td>\n",
       "      <td>158.63</td>\n",
       "      <td>28611535</td>\n",
       "    </tr>\n",
       "    <tr>\n",
       "      <th>6</th>\n",
       "      <td>7-Sep-17</td>\n",
       "      <td>161.26</td>\n",
       "      <td>21928502</td>\n",
       "    </tr>\n",
       "    <tr>\n",
       "      <th>7</th>\n",
       "      <td>6-Sep-17</td>\n",
       "      <td>161.91</td>\n",
       "      <td>21651726</td>\n",
       "    </tr>\n",
       "    <tr>\n",
       "      <th>8</th>\n",
       "      <td>5-Sep-17</td>\n",
       "      <td>162.08</td>\n",
       "      <td>29536314</td>\n",
       "    </tr>\n",
       "    <tr>\n",
       "      <th>9</th>\n",
       "      <td>1-Sep-17</td>\n",
       "      <td>164.05</td>\n",
       "      <td>16591051</td>\n",
       "    </tr>\n",
       "    <tr>\n",
       "      <th>10</th>\n",
       "      <td>31-Aug-17</td>\n",
       "      <td>164.00</td>\n",
       "      <td>26785096</td>\n",
       "    </tr>\n",
       "    <tr>\n",
       "      <th>11</th>\n",
       "      <td>30-Aug-17</td>\n",
       "      <td>163.35</td>\n",
       "      <td>27269584</td>\n",
       "    </tr>\n",
       "    <tr>\n",
       "      <th>12</th>\n",
       "      <td>29-Aug-17</td>\n",
       "      <td>162.91</td>\n",
       "      <td>29516910</td>\n",
       "    </tr>\n",
       "    <tr>\n",
       "      <th>13</th>\n",
       "      <td>28-Aug-17</td>\n",
       "      <td>161.47</td>\n",
       "      <td>25965972</td>\n",
       "    </tr>\n",
       "    <tr>\n",
       "      <th>14</th>\n",
       "      <td>25-Aug-17</td>\n",
       "      <td>159.86</td>\n",
       "      <td>25480063</td>\n",
       "    </tr>\n",
       "    <tr>\n",
       "      <th>15</th>\n",
       "      <td>24-Aug-17</td>\n",
       "      <td>159.27</td>\n",
       "      <td>19818918</td>\n",
       "    </tr>\n",
       "    <tr>\n",
       "      <th>16</th>\n",
       "      <td>23-Aug-17</td>\n",
       "      <td>159.98</td>\n",
       "      <td>19399081</td>\n",
       "    </tr>\n",
       "    <tr>\n",
       "      <th>17</th>\n",
       "      <td>22-Aug-17</td>\n",
       "      <td>159.78</td>\n",
       "      <td>21604585</td>\n",
       "    </tr>\n",
       "    <tr>\n",
       "      <th>18</th>\n",
       "      <td>21-Aug-17</td>\n",
       "      <td>157.21</td>\n",
       "      <td>26368528</td>\n",
       "    </tr>\n",
       "    <tr>\n",
       "      <th>19</th>\n",
       "      <td>18-Aug-17</td>\n",
       "      <td>157.50</td>\n",
       "      <td>27428069</td>\n",
       "    </tr>\n",
       "    <tr>\n",
       "      <th>20</th>\n",
       "      <td>17-Aug-17</td>\n",
       "      <td>157.86</td>\n",
       "      <td>27940565</td>\n",
       "    </tr>\n",
       "    <tr>\n",
       "      <th>21</th>\n",
       "      <td>16-Aug-17</td>\n",
       "      <td>160.95</td>\n",
       "      <td>27671612</td>\n",
       "    </tr>\n",
       "    <tr>\n",
       "      <th>22</th>\n",
       "      <td>15-Aug-17</td>\n",
       "      <td>161.60</td>\n",
       "      <td>29465487</td>\n",
       "    </tr>\n",
       "    <tr>\n",
       "      <th>23</th>\n",
       "      <td>14-Aug-17</td>\n",
       "      <td>159.85</td>\n",
       "      <td>22122734</td>\n",
       "    </tr>\n",
       "    <tr>\n",
       "      <th>24</th>\n",
       "      <td>11-Aug-17</td>\n",
       "      <td>157.48</td>\n",
       "      <td>26257096</td>\n",
       "    </tr>\n",
       "    <tr>\n",
       "      <th>25</th>\n",
       "      <td>10-Aug-17</td>\n",
       "      <td>155.32</td>\n",
       "      <td>40804273</td>\n",
       "    </tr>\n",
       "    <tr>\n",
       "      <th>26</th>\n",
       "      <td>9-Aug-17</td>\n",
       "      <td>161.06</td>\n",
       "      <td>26131530</td>\n",
       "    </tr>\n",
       "    <tr>\n",
       "      <th>27</th>\n",
       "      <td>8-Aug-17</td>\n",
       "      <td>160.08</td>\n",
       "      <td>36205896</td>\n",
       "    </tr>\n",
       "    <tr>\n",
       "      <th>28</th>\n",
       "      <td>7-Aug-17</td>\n",
       "      <td>158.81</td>\n",
       "      <td>21870321</td>\n",
       "    </tr>\n",
       "    <tr>\n",
       "      <th>29</th>\n",
       "      <td>4-Aug-17</td>\n",
       "      <td>156.39</td>\n",
       "      <td>20559852</td>\n",
       "    </tr>\n",
       "    <tr>\n",
       "      <th>30</th>\n",
       "      <td>3-Aug-17</td>\n",
       "      <td>155.57</td>\n",
       "      <td>27097296</td>\n",
       "    </tr>\n",
       "    <tr>\n",
       "      <th>31</th>\n",
       "      <td>2-Aug-17</td>\n",
       "      <td>157.14</td>\n",
       "      <td>69936800</td>\n",
       "    </tr>\n",
       "    <tr>\n",
       "      <th>32</th>\n",
       "      <td>1-Aug-17</td>\n",
       "      <td>150.05</td>\n",
       "      <td>35368645</td>\n",
       "    </tr>\n",
       "  </tbody>\n",
       "</table>\n",
       "</div>"
      ],
      "text/plain": [
       "         Date   Close    Volume\n",
       "0   15-Sep-17  159.88  49114602\n",
       "1   14-Sep-17  158.28  23760749\n",
       "2   13-Sep-17  159.65  44907361\n",
       "3   12-Sep-17  160.86  71714046\n",
       "4   11-Sep-17  161.50  31580798\n",
       "5    8-Sep-17  158.63  28611535\n",
       "6    7-Sep-17  161.26  21928502\n",
       "7    6-Sep-17  161.91  21651726\n",
       "8    5-Sep-17  162.08  29536314\n",
       "9    1-Sep-17  164.05  16591051\n",
       "10  31-Aug-17  164.00  26785096\n",
       "11  30-Aug-17  163.35  27269584\n",
       "12  29-Aug-17  162.91  29516910\n",
       "13  28-Aug-17  161.47  25965972\n",
       "14  25-Aug-17  159.86  25480063\n",
       "15  24-Aug-17  159.27  19818918\n",
       "16  23-Aug-17  159.98  19399081\n",
       "17  22-Aug-17  159.78  21604585\n",
       "18  21-Aug-17  157.21  26368528\n",
       "19  18-Aug-17  157.50  27428069\n",
       "20  17-Aug-17  157.86  27940565\n",
       "21  16-Aug-17  160.95  27671612\n",
       "22  15-Aug-17  161.60  29465487\n",
       "23  14-Aug-17  159.85  22122734\n",
       "24  11-Aug-17  157.48  26257096\n",
       "25  10-Aug-17  155.32  40804273\n",
       "26   9-Aug-17  161.06  26131530\n",
       "27   8-Aug-17  160.08  36205896\n",
       "28   7-Aug-17  158.81  21870321\n",
       "29   4-Aug-17  156.39  20559852\n",
       "30   3-Aug-17  155.57  27097296\n",
       "31   2-Aug-17  157.14  69936800\n",
       "32   1-Aug-17  150.05  35368645"
      ]
     },
     "execution_count": 3,
     "metadata": {},
     "output_type": "execute_result"
    }
   ],
   "source": [
    "df_x"
   ]
  },
  {
   "cell_type": "code",
   "execution_count": 4,
   "metadata": {
    "collapsed": true
   },
   "outputs": [],
   "source": [
    "df_x.Date = pd.to_datetime(df_x.Date)"
   ]
  },
  {
   "cell_type": "code",
   "execution_count": 5,
   "metadata": {},
   "outputs": [
    {
     "data": {
      "text/html": [
       "<div>\n",
       "<style scoped>\n",
       "    .dataframe tbody tr th:only-of-type {\n",
       "        vertical-align: middle;\n",
       "    }\n",
       "\n",
       "    .dataframe tbody tr th {\n",
       "        vertical-align: top;\n",
       "    }\n",
       "\n",
       "    .dataframe thead th {\n",
       "        text-align: right;\n",
       "    }\n",
       "</style>\n",
       "<table border=\"1\" class=\"dataframe\">\n",
       "  <thead>\n",
       "    <tr style=\"text-align: right;\">\n",
       "      <th></th>\n",
       "      <th>Date</th>\n",
       "      <th>Close</th>\n",
       "      <th>Volume</th>\n",
       "    </tr>\n",
       "  </thead>\n",
       "  <tbody>\n",
       "    <tr>\n",
       "      <th>0</th>\n",
       "      <td>2017-09-15</td>\n",
       "      <td>159.88</td>\n",
       "      <td>49114602</td>\n",
       "    </tr>\n",
       "    <tr>\n",
       "      <th>1</th>\n",
       "      <td>2017-09-14</td>\n",
       "      <td>158.28</td>\n",
       "      <td>23760749</td>\n",
       "    </tr>\n",
       "    <tr>\n",
       "      <th>2</th>\n",
       "      <td>2017-09-13</td>\n",
       "      <td>159.65</td>\n",
       "      <td>44907361</td>\n",
       "    </tr>\n",
       "    <tr>\n",
       "      <th>3</th>\n",
       "      <td>2017-09-12</td>\n",
       "      <td>160.86</td>\n",
       "      <td>71714046</td>\n",
       "    </tr>\n",
       "    <tr>\n",
       "      <th>4</th>\n",
       "      <td>2017-09-11</td>\n",
       "      <td>161.50</td>\n",
       "      <td>31580798</td>\n",
       "    </tr>\n",
       "    <tr>\n",
       "      <th>5</th>\n",
       "      <td>2017-09-08</td>\n",
       "      <td>158.63</td>\n",
       "      <td>28611535</td>\n",
       "    </tr>\n",
       "    <tr>\n",
       "      <th>6</th>\n",
       "      <td>2017-09-07</td>\n",
       "      <td>161.26</td>\n",
       "      <td>21928502</td>\n",
       "    </tr>\n",
       "    <tr>\n",
       "      <th>7</th>\n",
       "      <td>2017-09-06</td>\n",
       "      <td>161.91</td>\n",
       "      <td>21651726</td>\n",
       "    </tr>\n",
       "    <tr>\n",
       "      <th>8</th>\n",
       "      <td>2017-09-05</td>\n",
       "      <td>162.08</td>\n",
       "      <td>29536314</td>\n",
       "    </tr>\n",
       "    <tr>\n",
       "      <th>9</th>\n",
       "      <td>2017-09-01</td>\n",
       "      <td>164.05</td>\n",
       "      <td>16591051</td>\n",
       "    </tr>\n",
       "    <tr>\n",
       "      <th>10</th>\n",
       "      <td>2017-08-31</td>\n",
       "      <td>164.00</td>\n",
       "      <td>26785096</td>\n",
       "    </tr>\n",
       "    <tr>\n",
       "      <th>11</th>\n",
       "      <td>2017-08-30</td>\n",
       "      <td>163.35</td>\n",
       "      <td>27269584</td>\n",
       "    </tr>\n",
       "    <tr>\n",
       "      <th>12</th>\n",
       "      <td>2017-08-29</td>\n",
       "      <td>162.91</td>\n",
       "      <td>29516910</td>\n",
       "    </tr>\n",
       "    <tr>\n",
       "      <th>13</th>\n",
       "      <td>2017-08-28</td>\n",
       "      <td>161.47</td>\n",
       "      <td>25965972</td>\n",
       "    </tr>\n",
       "    <tr>\n",
       "      <th>14</th>\n",
       "      <td>2017-08-25</td>\n",
       "      <td>159.86</td>\n",
       "      <td>25480063</td>\n",
       "    </tr>\n",
       "    <tr>\n",
       "      <th>15</th>\n",
       "      <td>2017-08-24</td>\n",
       "      <td>159.27</td>\n",
       "      <td>19818918</td>\n",
       "    </tr>\n",
       "    <tr>\n",
       "      <th>16</th>\n",
       "      <td>2017-08-23</td>\n",
       "      <td>159.98</td>\n",
       "      <td>19399081</td>\n",
       "    </tr>\n",
       "    <tr>\n",
       "      <th>17</th>\n",
       "      <td>2017-08-22</td>\n",
       "      <td>159.78</td>\n",
       "      <td>21604585</td>\n",
       "    </tr>\n",
       "    <tr>\n",
       "      <th>18</th>\n",
       "      <td>2017-08-21</td>\n",
       "      <td>157.21</td>\n",
       "      <td>26368528</td>\n",
       "    </tr>\n",
       "    <tr>\n",
       "      <th>19</th>\n",
       "      <td>2017-08-18</td>\n",
       "      <td>157.50</td>\n",
       "      <td>27428069</td>\n",
       "    </tr>\n",
       "    <tr>\n",
       "      <th>20</th>\n",
       "      <td>2017-08-17</td>\n",
       "      <td>157.86</td>\n",
       "      <td>27940565</td>\n",
       "    </tr>\n",
       "    <tr>\n",
       "      <th>21</th>\n",
       "      <td>2017-08-16</td>\n",
       "      <td>160.95</td>\n",
       "      <td>27671612</td>\n",
       "    </tr>\n",
       "    <tr>\n",
       "      <th>22</th>\n",
       "      <td>2017-08-15</td>\n",
       "      <td>161.60</td>\n",
       "      <td>29465487</td>\n",
       "    </tr>\n",
       "    <tr>\n",
       "      <th>23</th>\n",
       "      <td>2017-08-14</td>\n",
       "      <td>159.85</td>\n",
       "      <td>22122734</td>\n",
       "    </tr>\n",
       "    <tr>\n",
       "      <th>24</th>\n",
       "      <td>2017-08-11</td>\n",
       "      <td>157.48</td>\n",
       "      <td>26257096</td>\n",
       "    </tr>\n",
       "    <tr>\n",
       "      <th>25</th>\n",
       "      <td>2017-08-10</td>\n",
       "      <td>155.32</td>\n",
       "      <td>40804273</td>\n",
       "    </tr>\n",
       "    <tr>\n",
       "      <th>26</th>\n",
       "      <td>2017-08-09</td>\n",
       "      <td>161.06</td>\n",
       "      <td>26131530</td>\n",
       "    </tr>\n",
       "    <tr>\n",
       "      <th>27</th>\n",
       "      <td>2017-08-08</td>\n",
       "      <td>160.08</td>\n",
       "      <td>36205896</td>\n",
       "    </tr>\n",
       "    <tr>\n",
       "      <th>28</th>\n",
       "      <td>2017-08-07</td>\n",
       "      <td>158.81</td>\n",
       "      <td>21870321</td>\n",
       "    </tr>\n",
       "    <tr>\n",
       "      <th>29</th>\n",
       "      <td>2017-08-04</td>\n",
       "      <td>156.39</td>\n",
       "      <td>20559852</td>\n",
       "    </tr>\n",
       "    <tr>\n",
       "      <th>30</th>\n",
       "      <td>2017-08-03</td>\n",
       "      <td>155.57</td>\n",
       "      <td>27097296</td>\n",
       "    </tr>\n",
       "    <tr>\n",
       "      <th>31</th>\n",
       "      <td>2017-08-02</td>\n",
       "      <td>157.14</td>\n",
       "      <td>69936800</td>\n",
       "    </tr>\n",
       "    <tr>\n",
       "      <th>32</th>\n",
       "      <td>2017-08-01</td>\n",
       "      <td>150.05</td>\n",
       "      <td>35368645</td>\n",
       "    </tr>\n",
       "  </tbody>\n",
       "</table>\n",
       "</div>"
      ],
      "text/plain": [
       "         Date   Close    Volume\n",
       "0  2017-09-15  159.88  49114602\n",
       "1  2017-09-14  158.28  23760749\n",
       "2  2017-09-13  159.65  44907361\n",
       "3  2017-09-12  160.86  71714046\n",
       "4  2017-09-11  161.50  31580798\n",
       "5  2017-09-08  158.63  28611535\n",
       "6  2017-09-07  161.26  21928502\n",
       "7  2017-09-06  161.91  21651726\n",
       "8  2017-09-05  162.08  29536314\n",
       "9  2017-09-01  164.05  16591051\n",
       "10 2017-08-31  164.00  26785096\n",
       "11 2017-08-30  163.35  27269584\n",
       "12 2017-08-29  162.91  29516910\n",
       "13 2017-08-28  161.47  25965972\n",
       "14 2017-08-25  159.86  25480063\n",
       "15 2017-08-24  159.27  19818918\n",
       "16 2017-08-23  159.98  19399081\n",
       "17 2017-08-22  159.78  21604585\n",
       "18 2017-08-21  157.21  26368528\n",
       "19 2017-08-18  157.50  27428069\n",
       "20 2017-08-17  157.86  27940565\n",
       "21 2017-08-16  160.95  27671612\n",
       "22 2017-08-15  161.60  29465487\n",
       "23 2017-08-14  159.85  22122734\n",
       "24 2017-08-11  157.48  26257096\n",
       "25 2017-08-10  155.32  40804273\n",
       "26 2017-08-09  161.06  26131530\n",
       "27 2017-08-08  160.08  36205896\n",
       "28 2017-08-07  158.81  21870321\n",
       "29 2017-08-04  156.39  20559852\n",
       "30 2017-08-03  155.57  27097296\n",
       "31 2017-08-02  157.14  69936800\n",
       "32 2017-08-01  150.05  35368645"
      ]
     },
     "execution_count": 5,
     "metadata": {},
     "output_type": "execute_result"
    }
   ],
   "source": [
    "df_x"
   ]
  },
  {
   "cell_type": "code",
   "execution_count": 6,
   "metadata": {
    "collapsed": true
   },
   "outputs": [],
   "source": [
    "df_x = df_x.sort_index(ascending='True')"
   ]
  },
  {
   "cell_type": "code",
   "execution_count": 8,
   "metadata": {},
   "outputs": [],
   "source": [
    "df_x = df_x.set_index('Date')"
   ]
  },
  {
   "cell_type": "code",
   "execution_count": 9,
   "metadata": {
    "collapsed": true
   },
   "outputs": [],
   "source": [
    "df_x = df_x.sort_index(ascending='True')"
   ]
  },
  {
   "cell_type": "code",
   "execution_count": 10,
   "metadata": {
    "scrolled": false
   },
   "outputs": [
    {
     "data": {
      "text/html": [
       "<div>\n",
       "<style scoped>\n",
       "    .dataframe tbody tr th:only-of-type {\n",
       "        vertical-align: middle;\n",
       "    }\n",
       "\n",
       "    .dataframe tbody tr th {\n",
       "        vertical-align: top;\n",
       "    }\n",
       "\n",
       "    .dataframe thead th {\n",
       "        text-align: right;\n",
       "    }\n",
       "</style>\n",
       "<table border=\"1\" class=\"dataframe\">\n",
       "  <thead>\n",
       "    <tr style=\"text-align: right;\">\n",
       "      <th></th>\n",
       "      <th>Close</th>\n",
       "      <th>Volume</th>\n",
       "    </tr>\n",
       "    <tr>\n",
       "      <th>Date</th>\n",
       "      <th></th>\n",
       "      <th></th>\n",
       "    </tr>\n",
       "  </thead>\n",
       "  <tbody>\n",
       "    <tr>\n",
       "      <th>2017-08-01</th>\n",
       "      <td>150.05</td>\n",
       "      <td>35368645</td>\n",
       "    </tr>\n",
       "    <tr>\n",
       "      <th>2017-08-02</th>\n",
       "      <td>157.14</td>\n",
       "      <td>69936800</td>\n",
       "    </tr>\n",
       "    <tr>\n",
       "      <th>2017-08-03</th>\n",
       "      <td>155.57</td>\n",
       "      <td>27097296</td>\n",
       "    </tr>\n",
       "    <tr>\n",
       "      <th>2017-08-04</th>\n",
       "      <td>156.39</td>\n",
       "      <td>20559852</td>\n",
       "    </tr>\n",
       "    <tr>\n",
       "      <th>2017-08-07</th>\n",
       "      <td>158.81</td>\n",
       "      <td>21870321</td>\n",
       "    </tr>\n",
       "    <tr>\n",
       "      <th>2017-08-08</th>\n",
       "      <td>160.08</td>\n",
       "      <td>36205896</td>\n",
       "    </tr>\n",
       "    <tr>\n",
       "      <th>2017-08-09</th>\n",
       "      <td>161.06</td>\n",
       "      <td>26131530</td>\n",
       "    </tr>\n",
       "    <tr>\n",
       "      <th>2017-08-10</th>\n",
       "      <td>155.32</td>\n",
       "      <td>40804273</td>\n",
       "    </tr>\n",
       "    <tr>\n",
       "      <th>2017-08-11</th>\n",
       "      <td>157.48</td>\n",
       "      <td>26257096</td>\n",
       "    </tr>\n",
       "    <tr>\n",
       "      <th>2017-08-14</th>\n",
       "      <td>159.85</td>\n",
       "      <td>22122734</td>\n",
       "    </tr>\n",
       "    <tr>\n",
       "      <th>2017-08-15</th>\n",
       "      <td>161.60</td>\n",
       "      <td>29465487</td>\n",
       "    </tr>\n",
       "    <tr>\n",
       "      <th>2017-08-16</th>\n",
       "      <td>160.95</td>\n",
       "      <td>27671612</td>\n",
       "    </tr>\n",
       "    <tr>\n",
       "      <th>2017-08-17</th>\n",
       "      <td>157.86</td>\n",
       "      <td>27940565</td>\n",
       "    </tr>\n",
       "    <tr>\n",
       "      <th>2017-08-18</th>\n",
       "      <td>157.50</td>\n",
       "      <td>27428069</td>\n",
       "    </tr>\n",
       "    <tr>\n",
       "      <th>2017-08-21</th>\n",
       "      <td>157.21</td>\n",
       "      <td>26368528</td>\n",
       "    </tr>\n",
       "    <tr>\n",
       "      <th>2017-08-22</th>\n",
       "      <td>159.78</td>\n",
       "      <td>21604585</td>\n",
       "    </tr>\n",
       "    <tr>\n",
       "      <th>2017-08-23</th>\n",
       "      <td>159.98</td>\n",
       "      <td>19399081</td>\n",
       "    </tr>\n",
       "    <tr>\n",
       "      <th>2017-08-24</th>\n",
       "      <td>159.27</td>\n",
       "      <td>19818918</td>\n",
       "    </tr>\n",
       "    <tr>\n",
       "      <th>2017-08-25</th>\n",
       "      <td>159.86</td>\n",
       "      <td>25480063</td>\n",
       "    </tr>\n",
       "    <tr>\n",
       "      <th>2017-08-28</th>\n",
       "      <td>161.47</td>\n",
       "      <td>25965972</td>\n",
       "    </tr>\n",
       "    <tr>\n",
       "      <th>2017-08-29</th>\n",
       "      <td>162.91</td>\n",
       "      <td>29516910</td>\n",
       "    </tr>\n",
       "    <tr>\n",
       "      <th>2017-08-30</th>\n",
       "      <td>163.35</td>\n",
       "      <td>27269584</td>\n",
       "    </tr>\n",
       "    <tr>\n",
       "      <th>2017-08-31</th>\n",
       "      <td>164.00</td>\n",
       "      <td>26785096</td>\n",
       "    </tr>\n",
       "    <tr>\n",
       "      <th>2017-09-01</th>\n",
       "      <td>164.05</td>\n",
       "      <td>16591051</td>\n",
       "    </tr>\n",
       "    <tr>\n",
       "      <th>2017-09-05</th>\n",
       "      <td>162.08</td>\n",
       "      <td>29536314</td>\n",
       "    </tr>\n",
       "    <tr>\n",
       "      <th>2017-09-06</th>\n",
       "      <td>161.91</td>\n",
       "      <td>21651726</td>\n",
       "    </tr>\n",
       "    <tr>\n",
       "      <th>2017-09-07</th>\n",
       "      <td>161.26</td>\n",
       "      <td>21928502</td>\n",
       "    </tr>\n",
       "    <tr>\n",
       "      <th>2017-09-08</th>\n",
       "      <td>158.63</td>\n",
       "      <td>28611535</td>\n",
       "    </tr>\n",
       "    <tr>\n",
       "      <th>2017-09-11</th>\n",
       "      <td>161.50</td>\n",
       "      <td>31580798</td>\n",
       "    </tr>\n",
       "    <tr>\n",
       "      <th>2017-09-12</th>\n",
       "      <td>160.86</td>\n",
       "      <td>71714046</td>\n",
       "    </tr>\n",
       "    <tr>\n",
       "      <th>2017-09-13</th>\n",
       "      <td>159.65</td>\n",
       "      <td>44907361</td>\n",
       "    </tr>\n",
       "    <tr>\n",
       "      <th>2017-09-14</th>\n",
       "      <td>158.28</td>\n",
       "      <td>23760749</td>\n",
       "    </tr>\n",
       "    <tr>\n",
       "      <th>2017-09-15</th>\n",
       "      <td>159.88</td>\n",
       "      <td>49114602</td>\n",
       "    </tr>\n",
       "  </tbody>\n",
       "</table>\n",
       "</div>"
      ],
      "text/plain": [
       "             Close    Volume\n",
       "Date                        \n",
       "2017-08-01  150.05  35368645\n",
       "2017-08-02  157.14  69936800\n",
       "2017-08-03  155.57  27097296\n",
       "2017-08-04  156.39  20559852\n",
       "2017-08-07  158.81  21870321\n",
       "2017-08-08  160.08  36205896\n",
       "2017-08-09  161.06  26131530\n",
       "2017-08-10  155.32  40804273\n",
       "2017-08-11  157.48  26257096\n",
       "2017-08-14  159.85  22122734\n",
       "2017-08-15  161.60  29465487\n",
       "2017-08-16  160.95  27671612\n",
       "2017-08-17  157.86  27940565\n",
       "2017-08-18  157.50  27428069\n",
       "2017-08-21  157.21  26368528\n",
       "2017-08-22  159.78  21604585\n",
       "2017-08-23  159.98  19399081\n",
       "2017-08-24  159.27  19818918\n",
       "2017-08-25  159.86  25480063\n",
       "2017-08-28  161.47  25965972\n",
       "2017-08-29  162.91  29516910\n",
       "2017-08-30  163.35  27269584\n",
       "2017-08-31  164.00  26785096\n",
       "2017-09-01  164.05  16591051\n",
       "2017-09-05  162.08  29536314\n",
       "2017-09-06  161.91  21651726\n",
       "2017-09-07  161.26  21928502\n",
       "2017-09-08  158.63  28611535\n",
       "2017-09-11  161.50  31580798\n",
       "2017-09-12  160.86  71714046\n",
       "2017-09-13  159.65  44907361\n",
       "2017-09-14  158.28  23760749\n",
       "2017-09-15  159.88  49114602"
      ]
     },
     "execution_count": 10,
     "metadata": {},
     "output_type": "execute_result"
    }
   ],
   "source": [
    "df_x"
   ]
  },
  {
   "cell_type": "code",
   "execution_count": 11,
   "metadata": {
    "collapsed": true
   },
   "outputs": [],
   "source": [
    "\n",
    "df_x = df_x.resample('D')"
   ]
  },
  {
   "cell_type": "code",
   "execution_count": 12,
   "metadata": {},
   "outputs": [
    {
     "data": {
      "text/plain": [
       "DatetimeIndexResampler [freq=<Day>, axis=0, closed=left, label=left, convention=start, base=0]"
      ]
     },
     "execution_count": 12,
     "metadata": {},
     "output_type": "execute_result"
    }
   ],
   "source": [
    "df_x"
   ]
  },
  {
   "cell_type": "code",
   "execution_count": 13,
   "metadata": {
    "collapsed": true
   },
   "outputs": [],
   "source": [
    "df_x = df_x.interpolate('linear')"
   ]
  },
  {
   "cell_type": "code",
   "execution_count": 14,
   "metadata": {},
   "outputs": [
    {
     "data": {
      "text/html": [
       "<div>\n",
       "<style scoped>\n",
       "    .dataframe tbody tr th:only-of-type {\n",
       "        vertical-align: middle;\n",
       "    }\n",
       "\n",
       "    .dataframe tbody tr th {\n",
       "        vertical-align: top;\n",
       "    }\n",
       "\n",
       "    .dataframe thead th {\n",
       "        text-align: right;\n",
       "    }\n",
       "</style>\n",
       "<table border=\"1\" class=\"dataframe\">\n",
       "  <thead>\n",
       "    <tr style=\"text-align: right;\">\n",
       "      <th></th>\n",
       "      <th>Close</th>\n",
       "      <th>Volume</th>\n",
       "    </tr>\n",
       "    <tr>\n",
       "      <th>Date</th>\n",
       "      <th></th>\n",
       "      <th></th>\n",
       "    </tr>\n",
       "  </thead>\n",
       "  <tbody>\n",
       "    <tr>\n",
       "      <th>2017-08-01</th>\n",
       "      <td>150.050000</td>\n",
       "      <td>3.536864e+07</td>\n",
       "    </tr>\n",
       "    <tr>\n",
       "      <th>2017-08-02</th>\n",
       "      <td>157.140000</td>\n",
       "      <td>6.993680e+07</td>\n",
       "    </tr>\n",
       "    <tr>\n",
       "      <th>2017-08-03</th>\n",
       "      <td>155.570000</td>\n",
       "      <td>2.709730e+07</td>\n",
       "    </tr>\n",
       "    <tr>\n",
       "      <th>2017-08-04</th>\n",
       "      <td>156.390000</td>\n",
       "      <td>2.055985e+07</td>\n",
       "    </tr>\n",
       "    <tr>\n",
       "      <th>2017-08-05</th>\n",
       "      <td>157.196667</td>\n",
       "      <td>2.099668e+07</td>\n",
       "    </tr>\n",
       "    <tr>\n",
       "      <th>2017-08-06</th>\n",
       "      <td>158.003333</td>\n",
       "      <td>2.143350e+07</td>\n",
       "    </tr>\n",
       "    <tr>\n",
       "      <th>2017-08-07</th>\n",
       "      <td>158.810000</td>\n",
       "      <td>2.187032e+07</td>\n",
       "    </tr>\n",
       "    <tr>\n",
       "      <th>2017-08-08</th>\n",
       "      <td>160.080000</td>\n",
       "      <td>3.620590e+07</td>\n",
       "    </tr>\n",
       "    <tr>\n",
       "      <th>2017-08-09</th>\n",
       "      <td>161.060000</td>\n",
       "      <td>2.613153e+07</td>\n",
       "    </tr>\n",
       "    <tr>\n",
       "      <th>2017-08-10</th>\n",
       "      <td>155.320000</td>\n",
       "      <td>4.080427e+07</td>\n",
       "    </tr>\n",
       "    <tr>\n",
       "      <th>2017-08-11</th>\n",
       "      <td>157.480000</td>\n",
       "      <td>2.625710e+07</td>\n",
       "    </tr>\n",
       "    <tr>\n",
       "      <th>2017-08-12</th>\n",
       "      <td>158.270000</td>\n",
       "      <td>2.487898e+07</td>\n",
       "    </tr>\n",
       "    <tr>\n",
       "      <th>2017-08-13</th>\n",
       "      <td>159.060000</td>\n",
       "      <td>2.350085e+07</td>\n",
       "    </tr>\n",
       "    <tr>\n",
       "      <th>2017-08-14</th>\n",
       "      <td>159.850000</td>\n",
       "      <td>2.212273e+07</td>\n",
       "    </tr>\n",
       "    <tr>\n",
       "      <th>2017-08-15</th>\n",
       "      <td>161.600000</td>\n",
       "      <td>2.946549e+07</td>\n",
       "    </tr>\n",
       "    <tr>\n",
       "      <th>2017-08-16</th>\n",
       "      <td>160.950000</td>\n",
       "      <td>2.767161e+07</td>\n",
       "    </tr>\n",
       "    <tr>\n",
       "      <th>2017-08-17</th>\n",
       "      <td>157.860000</td>\n",
       "      <td>2.794056e+07</td>\n",
       "    </tr>\n",
       "    <tr>\n",
       "      <th>2017-08-18</th>\n",
       "      <td>157.500000</td>\n",
       "      <td>2.742807e+07</td>\n",
       "    </tr>\n",
       "    <tr>\n",
       "      <th>2017-08-19</th>\n",
       "      <td>157.403333</td>\n",
       "      <td>2.707489e+07</td>\n",
       "    </tr>\n",
       "    <tr>\n",
       "      <th>2017-08-20</th>\n",
       "      <td>157.306667</td>\n",
       "      <td>2.672171e+07</td>\n",
       "    </tr>\n",
       "    <tr>\n",
       "      <th>2017-08-21</th>\n",
       "      <td>157.210000</td>\n",
       "      <td>2.636853e+07</td>\n",
       "    </tr>\n",
       "    <tr>\n",
       "      <th>2017-08-22</th>\n",
       "      <td>159.780000</td>\n",
       "      <td>2.160458e+07</td>\n",
       "    </tr>\n",
       "    <tr>\n",
       "      <th>2017-08-23</th>\n",
       "      <td>159.980000</td>\n",
       "      <td>1.939908e+07</td>\n",
       "    </tr>\n",
       "    <tr>\n",
       "      <th>2017-08-24</th>\n",
       "      <td>159.270000</td>\n",
       "      <td>1.981892e+07</td>\n",
       "    </tr>\n",
       "    <tr>\n",
       "      <th>2017-08-25</th>\n",
       "      <td>159.860000</td>\n",
       "      <td>2.548006e+07</td>\n",
       "    </tr>\n",
       "    <tr>\n",
       "      <th>2017-08-26</th>\n",
       "      <td>160.396667</td>\n",
       "      <td>2.564203e+07</td>\n",
       "    </tr>\n",
       "    <tr>\n",
       "      <th>2017-08-27</th>\n",
       "      <td>160.933333</td>\n",
       "      <td>2.580400e+07</td>\n",
       "    </tr>\n",
       "    <tr>\n",
       "      <th>2017-08-28</th>\n",
       "      <td>161.470000</td>\n",
       "      <td>2.596597e+07</td>\n",
       "    </tr>\n",
       "    <tr>\n",
       "      <th>2017-08-29</th>\n",
       "      <td>162.910000</td>\n",
       "      <td>2.951691e+07</td>\n",
       "    </tr>\n",
       "    <tr>\n",
       "      <th>2017-08-30</th>\n",
       "      <td>163.350000</td>\n",
       "      <td>2.726958e+07</td>\n",
       "    </tr>\n",
       "    <tr>\n",
       "      <th>2017-08-31</th>\n",
       "      <td>164.000000</td>\n",
       "      <td>2.678510e+07</td>\n",
       "    </tr>\n",
       "    <tr>\n",
       "      <th>2017-09-01</th>\n",
       "      <td>164.050000</td>\n",
       "      <td>1.659105e+07</td>\n",
       "    </tr>\n",
       "    <tr>\n",
       "      <th>2017-09-02</th>\n",
       "      <td>163.557500</td>\n",
       "      <td>1.982737e+07</td>\n",
       "    </tr>\n",
       "    <tr>\n",
       "      <th>2017-09-03</th>\n",
       "      <td>163.065000</td>\n",
       "      <td>2.306368e+07</td>\n",
       "    </tr>\n",
       "    <tr>\n",
       "      <th>2017-09-04</th>\n",
       "      <td>162.572500</td>\n",
       "      <td>2.630000e+07</td>\n",
       "    </tr>\n",
       "    <tr>\n",
       "      <th>2017-09-05</th>\n",
       "      <td>162.080000</td>\n",
       "      <td>2.953631e+07</td>\n",
       "    </tr>\n",
       "    <tr>\n",
       "      <th>2017-09-06</th>\n",
       "      <td>161.910000</td>\n",
       "      <td>2.165173e+07</td>\n",
       "    </tr>\n",
       "    <tr>\n",
       "      <th>2017-09-07</th>\n",
       "      <td>161.260000</td>\n",
       "      <td>2.192850e+07</td>\n",
       "    </tr>\n",
       "    <tr>\n",
       "      <th>2017-09-08</th>\n",
       "      <td>158.630000</td>\n",
       "      <td>2.861154e+07</td>\n",
       "    </tr>\n",
       "    <tr>\n",
       "      <th>2017-09-09</th>\n",
       "      <td>159.586667</td>\n",
       "      <td>2.960129e+07</td>\n",
       "    </tr>\n",
       "    <tr>\n",
       "      <th>2017-09-10</th>\n",
       "      <td>160.543333</td>\n",
       "      <td>3.059104e+07</td>\n",
       "    </tr>\n",
       "    <tr>\n",
       "      <th>2017-09-11</th>\n",
       "      <td>161.500000</td>\n",
       "      <td>3.158080e+07</td>\n",
       "    </tr>\n",
       "    <tr>\n",
       "      <th>2017-09-12</th>\n",
       "      <td>160.860000</td>\n",
       "      <td>7.171405e+07</td>\n",
       "    </tr>\n",
       "    <tr>\n",
       "      <th>2017-09-13</th>\n",
       "      <td>159.650000</td>\n",
       "      <td>4.490736e+07</td>\n",
       "    </tr>\n",
       "    <tr>\n",
       "      <th>2017-09-14</th>\n",
       "      <td>158.280000</td>\n",
       "      <td>2.376075e+07</td>\n",
       "    </tr>\n",
       "    <tr>\n",
       "      <th>2017-09-15</th>\n",
       "      <td>159.880000</td>\n",
       "      <td>4.911460e+07</td>\n",
       "    </tr>\n",
       "  </tbody>\n",
       "</table>\n",
       "</div>"
      ],
      "text/plain": [
       "                 Close        Volume\n",
       "Date                                \n",
       "2017-08-01  150.050000  3.536864e+07\n",
       "2017-08-02  157.140000  6.993680e+07\n",
       "2017-08-03  155.570000  2.709730e+07\n",
       "2017-08-04  156.390000  2.055985e+07\n",
       "2017-08-05  157.196667  2.099668e+07\n",
       "2017-08-06  158.003333  2.143350e+07\n",
       "2017-08-07  158.810000  2.187032e+07\n",
       "2017-08-08  160.080000  3.620590e+07\n",
       "2017-08-09  161.060000  2.613153e+07\n",
       "2017-08-10  155.320000  4.080427e+07\n",
       "2017-08-11  157.480000  2.625710e+07\n",
       "2017-08-12  158.270000  2.487898e+07\n",
       "2017-08-13  159.060000  2.350085e+07\n",
       "2017-08-14  159.850000  2.212273e+07\n",
       "2017-08-15  161.600000  2.946549e+07\n",
       "2017-08-16  160.950000  2.767161e+07\n",
       "2017-08-17  157.860000  2.794056e+07\n",
       "2017-08-18  157.500000  2.742807e+07\n",
       "2017-08-19  157.403333  2.707489e+07\n",
       "2017-08-20  157.306667  2.672171e+07\n",
       "2017-08-21  157.210000  2.636853e+07\n",
       "2017-08-22  159.780000  2.160458e+07\n",
       "2017-08-23  159.980000  1.939908e+07\n",
       "2017-08-24  159.270000  1.981892e+07\n",
       "2017-08-25  159.860000  2.548006e+07\n",
       "2017-08-26  160.396667  2.564203e+07\n",
       "2017-08-27  160.933333  2.580400e+07\n",
       "2017-08-28  161.470000  2.596597e+07\n",
       "2017-08-29  162.910000  2.951691e+07\n",
       "2017-08-30  163.350000  2.726958e+07\n",
       "2017-08-31  164.000000  2.678510e+07\n",
       "2017-09-01  164.050000  1.659105e+07\n",
       "2017-09-02  163.557500  1.982737e+07\n",
       "2017-09-03  163.065000  2.306368e+07\n",
       "2017-09-04  162.572500  2.630000e+07\n",
       "2017-09-05  162.080000  2.953631e+07\n",
       "2017-09-06  161.910000  2.165173e+07\n",
       "2017-09-07  161.260000  2.192850e+07\n",
       "2017-09-08  158.630000  2.861154e+07\n",
       "2017-09-09  159.586667  2.960129e+07\n",
       "2017-09-10  160.543333  3.059104e+07\n",
       "2017-09-11  161.500000  3.158080e+07\n",
       "2017-09-12  160.860000  7.171405e+07\n",
       "2017-09-13  159.650000  4.490736e+07\n",
       "2017-09-14  158.280000  2.376075e+07\n",
       "2017-09-15  159.880000  4.911460e+07"
      ]
     },
     "execution_count": 14,
     "metadata": {},
     "output_type": "execute_result"
    }
   ],
   "source": [
    "df_x"
   ]
  },
  {
   "cell_type": "code",
   "execution_count": 15,
   "metadata": {
    "collapsed": true
   },
   "outputs": [],
   "source": [
    "df_x1 = pd.read_csv('/home/bee/Desktop/minor project/views.csv')\n",
    "views = np.asarray(df_x1)"
   ]
  },
  {
   "cell_type": "code",
   "execution_count": 16,
   "metadata": {},
   "outputs": [
    {
     "data": {
      "text/plain": [
       "array([[ 166000],\n",
       "       [ 136000],\n",
       "       [ 205000],\n",
       "       [ 193000],\n",
       "       [ 266000],\n",
       "       [ 113000],\n",
       "       [ 120000],\n",
       "       [ 127000],\n",
       "       [3540000],\n",
       "       [ 137000],\n",
       "       [ 149000],\n",
       "       [ 131000],\n",
       "       [ 383000],\n",
       "       [ 184000],\n",
       "       [ 174000],\n",
       "       [ 302000],\n",
       "       [ 614000],\n",
       "       [ 129000],\n",
       "       [ 130000],\n",
       "       [ 127000],\n",
       "       [  77700],\n",
       "       [  88900],\n",
       "       [  87100],\n",
       "       [  80900],\n",
       "       [  65500],\n",
       "       [  49100],\n",
       "       [  79200],\n",
       "       [  81200],\n",
       "       [  77500],\n",
       "       [ 108000]])"
      ]
     },
     "execution_count": 16,
     "metadata": {},
     "output_type": "execute_result"
    }
   ],
   "source": [
    "views"
   ]
  },
  {
   "cell_type": "code",
   "execution_count": 18,
   "metadata": {},
   "outputs": [],
   "source": [
    "df = df_x.loc['2017-08-31']"
   ]
  },
  {
   "cell_type": "code",
   "execution_count": 19,
   "metadata": {},
   "outputs": [
    {
     "data": {
      "text/plain": [
       "Close          164.0\n",
       "Volume    26785096.0\n",
       "Name: 2017-08-31 00:00:00, dtype: float64"
      ]
     },
     "execution_count": 19,
     "metadata": {},
     "output_type": "execute_result"
    }
   ],
   "source": [
    "df"
   ]
  },
  {
   "cell_type": "code",
   "execution_count": 20,
   "metadata": {
    "collapsed": true
   },
   "outputs": [],
   "source": [
    "df_y = df_x.loc['2017-08-02':'2017-08-30']"
   ]
  },
  {
   "cell_type": "code",
   "execution_count": 21,
   "metadata": {},
   "outputs": [
    {
     "data": {
      "text/html": [
       "<div>\n",
       "<style scoped>\n",
       "    .dataframe tbody tr th:only-of-type {\n",
       "        vertical-align: middle;\n",
       "    }\n",
       "\n",
       "    .dataframe tbody tr th {\n",
